gameMode	1
gameLength	60000
rampInterval	750
minWaitTime	500
maxWaitTime	4000
cushionTime	100
reward	1
1	6600.00	6600
0	6600.00	6604
3	6600.00	6610
2	6600.00	6612
1	11100.00	10995
3	11100.00	11017
0	14850.00	14727
1	15600.00	15538
3	15600.00	15540
2	15600.00	15554
2	19350.00	19236
3	21600.00	21495
1	23100.00	23041
0	24600.00	24506
2	26850.00	26753
3	29100.00	28977
0	31350.00	31307
1	33600.00	33447
2	35100.00	35002
3	35850.00	35714
0	37350.00	37261
3	41100.00	40999
1	41850.00	41743
2	42600.00	42546
0	42600.00	43157
3	44850.00	44780
3	49350.00	49221
0	50100.00	50003
1	52350.00	52277
2	52350.00	52288
3	59850.00	59729
0	60600.00	60484
1	62100.00	61976
2	62850.00	62720
0	65850.00	65734
1	68850.00	68738
3	69600.00	69452
2	71850.00	71742
0	73350.00	73226
1	74850.00	74686
3	74850.00	74690
2	77100.00	77133
0	77850.00	77956
1	79350.00	79280
3	84600.00	84505