gameMode	3
gameLength	60000
rampInterval	750
minWaitTime	500
maxWaitTime	4000
cushionTime	100
reward	1
1	6600.00	6560
0	6600.00	6562
3	6600.00	6564
2	6600.00	6572
3	11850.00	11708
1	15600.00	15520
2	16350.00	16245
0	16350.00	17028
2	20100.00	20041
3	21600.00	21480
1	24600.00	24465
2	24600.00	24503
0	25350.00	25295
1	29850.00	29799
3	29850.00	29799
2	29850.00	29810
1	33600.00	33463
3	35100.00	34975
0	35850.00	35766
2	37350.00	37251
1	39600.00	39482
0	41100.00	40986
3	44850.00	44719
1	45600.00	45499
2	47100.00	47011
0	51600.00	51500
2	51600.00	51513
3	54600.00	54469
1	55350.00	55240
2	56100.00	55975
0	56850.00	56727
3	58350.00	58305
1	63600.00	63485
2	64350.00	64205
3	65100.00	64964
0	66600.00	66500
1	67350.00	67246
3	70350.00	70228
2	70350.00	70242
1	71850.00	71743
0	73350.00	73275
0	77850.00	77735
2	79350.00	79450
3	80100.00	80218
1	80100.00	80908