gameMode	1
gameLength	60000
rampInterval	750
minWaitTime	500
maxWaitTime	4000
cushionTime	100
reward	2
3	6600.00	6596
0	6600.00	6604
1	6600.00	6604
2	6600.00	6619
1	10350.00	10315
0	10350.00	10324
3	12600.00	12552
0	14100.00	14063
2	17100.00	17052
3	17850.00	17774
1	17850.00	18558
2	22350.00	22248
3	23100.00	23008
0	23100.00	23784
3	28350.00	28328
1	29100.00	29066
0	32100.00	32062
2	32850.00	32875
2	36600.00	36575
1	37350.00	37324
3	38100.00	38038
0	40350.00	40361
1	44100.00	44101
3	44850.00	44829
2	47100.00	47126
0	47850.00	48661
1	53100.00	53098
3	54600.00	54619
2	54600.00	54628
0	54600.00	55612
1	59100.00	59089
3	59100.00	59089
0	59850.00	59107
2	59100.00	59107
1	63600.00	63535
0	65100.00	65059
3	69600.00	69588
2	69600.00	69598
1	71850.00	71840
3	73350.00	73368
0	74850.00	74806
1	77850.00	77844
3	77850.00	77844
2	78600.00	78639
0	83850.00	83792
