gameMode	1
gameLength	60000
rampInterval	750
minWaitTime	500
maxWaitTime	4000
cushionTime	100
reward	3
3	6600.00	6562
2	6600.00	6582
1	6600.00	6589
0	6600.00	6597
2	10350.00	10311
3	11850.00	11836
0	11850.00	11852
1	14100.00	14018
0	15600.00	15544
3	18600.00	18530
2	20850.00	20865
1	23100.00	23103
0	24600.00	24686
3	26850.00	26851
1	27600.00	27643
2	29100.00	29102
3	30600.00	30552
0	33600.00	33553
2	35850.00	35857
1	36600.00	36574
0	39600.00	39512
3	41100.00	41030
1	44100.00	44109
2	44100.00	44109
0	44850.00	44818
3	46350.00	45561
1	50850.00	50955
0	53100.00	53093
2	53850.00	53849
3	55350.00	55382
1	56850.00	56835
2	57600.00	57531
0	57600.00	0
1	61350.00	61293
2	62850.00	62776
3	65850.00	65844
0	65850.00	65866
2	66600.00	0
1	71100.00	71028
3	74100.00	74077
0	74850.00	74116
0	80100.00	74806
2	74850.00	0
1	80100.00	80036
3	81600.00	81479