gameMode	2
gameLength	60000
rampInterval	750
minWaitTime	500
maxWaitTime	4000
cushionTime	100
reward	2
3	6600.00	6646
0	6600.00	6653
2	6600.00	6653
1	6600.00	6670
0	14100.00	14068
1	14100.00	14867
2	15600.00	15657
3	16350.00	0
0	18600.00	18586
2	20850.00	21256
1	20850.00	21268
3	26100.00	26015
0	26850.00	0
2	26850.00	0
0	35100.00	29279
1	29100.00	0
3	32100.00	32884
1	34350.00	34331
2	36600.00	35860
0	35850.00	0
3	36600.00	0
1	41850.00	41212
0	44100.00	44095
2	43350.00	0
3	47850.00	47836
1	46350.00	0
0	48600.00	0
2	54600.00	55415
3	56850.00	57620
1	56850.00	0
0	59850.00	59965
2	59100.00	0
3	66600.00	66564
0	69600.00	68116
1	67350.00	0
2	70350.00	70800
0	74850.00	74839
3	77100.00	77911
1	78600.00	0
2	79350.00	0
0	81600.00	81600
2	86100.00	85390
1	86100.00	85421
3	84600.00	0
0	89100.00	89133