gameMode	3
gameLength	60000
rampInterval	750
minWaitTime	500
maxWaitTime	4000
cushionTime	100
reward	2
3	6600.00	6565
0	6600.00	6573
1	6600.00	6573
2	6600.00	6573
3	13350.00	13337
0	13350.00	13344
1	13350.00	13344
2	13350.00	13364
3	19350.00	19318
0	19350.00	19333
1	20100.00	20119
2	21600.00	21618
0	23850.00	23846
1	26100.00	26053
3	27600.00	27626
0	27600.00	27667
2	29100.00	29127
1	31350.00	31284
2	34350.00	34298
0	35850.00	35842
3	38100.00	38082
2	38100.00	38100
1	40350.00	40349
2	41850.00	41819
0	44850.00	44756
2	46350.00	46352
3	47100.00	47190
2	50100.00	50052
1	50850.00	50816
0	53850.00	53820
2	53850.00	53835
3	56100.00	56059
1	54600.00	0
2	58350.00	58342
0	57600.00	0
1	62100.00	62045
2	62100.00	62045
0	63600.00	63476
3	66600.00	66577
2	67350.00	67387
1	71850.00	71790
0	74100.00	74064
1	77100.00	77128
2	77100.00	77128
3	77100.00	77128