gameMode	2
gameLength	60000
rampInterval	750
minWaitTime	500
maxWaitTime	4000
cushionTime	100
reward	3
3	6600.00	6625
2	6600.00	6637
1	6600.00	6645
0	6600.00	6654
0	11100.00	11092
2	11100.00	11092
3	14100.00	12577
2	16350.00	16370
1	17100.00	16378
1	20850.00	20836
3	20850.00	20836
2	24600.00	22380
0	21600.00	0
1	27600.00	27602
0	28350.00	28342
3	29100.00	29253
2	28350.00	0
0	32100.00	32038
1	37350.00	37344
3	39600.00	38841
0	38850.00	38858
2	40350.00	40669
3	44850.00	44796
1	45600.00	45583
2	47100.00	0
0	49350.00	49348
3	50100.00	50107
2	54600.00	54599
1	55350.00	55377
0	56850.00	56156
3	56850.00	56864
2	58350.00	58481
1	59850.00	59160
3	61350.00	62205
0	62850.00	0
1	64350.00	64386
2	66600.00	67338
3	66600.00	0
1	68100.00	68422
3	73350.00	73306
0	73350.00	73344
2	74850.00	75525
1	76350.00	76395
3	80100.00	80058
0	81600.00	81633