gameMode	3
gameLength	60000
rampInterval	750
minWaitTime	500
maxWaitTime	4000
cushionTime	100
reward	3
1	6600.00	6536
2	6600.00	6543
3	6600.00	6543
0	6600.00	6558
3	11850.00	11749
1	15600.00	15618
0	16350.00	16395
2	16350.00	16395
0	20100.00	20097
3	21600.00	21601
2	24600.00	24610
0	24600.00	24626
1	24600.00	24626
0	29850.00	29822
3	29850.00	29822
2	29850.00	29839
0	33600.00	33604
3	35100.00	35112
1	35100.00	35123
2	37350.00	37376
0	39600.00	39579
1	40350.00	40343
3	44850.00	44852
0	45600.00	45645
2	47100.00	47101
1	50850.00	50825
2	51600.00	51636
3	54600.00	54564
0	55350.00	55326
1	56100.00	56079
2	56100.00	56843
3	58350.00	58346
0	63600.00	63517
1	64350.00	64304
3	65100.00	64999
2	66600.00	66553
0	67350.00	67292
1	70350.00	70319
3	70350.00	70332
0	71850.00	71848
2	73350.00	73338
2	77850.00	77821
3	79350.00	79281
0	80100.00	80118
1	80100.00	80166